00000000 0000
00000001 0001
00000010 0010
00000011 0011
00000100 0100
00000101 0101
00000110 0110
00000111 0111
00001000 1000
00001001 1001
00001010 1010
00001011 1011
00001100 1100
00001101 1101
00001110 1110
00001111 1111
00010000 0001
00010001 0010
00010010 0011
00010011 0100
00010100 0101
00010101 0110
00010110 0111
00010111 1000
00011000 1001
00011001 1010
00011010 1011
00011011 1100
00011100 1101
00011101 1110
00011110 1111
00011111 0000
00100000 0010
00100001 0011
00100010 0100
00100011 0101
00100100 0110
00100101 0111
00100110 1000
00100111 1001
00101000 1010
00101001 1011
00101010 1100
00101011 1101
00101100 1110
00101101 1111
00101110 0000
00101111 0001
00110000 0011
00110001 0100
00110010 0101
00110011 0110
00110100 0111
00110101 1000
00110110 1001
00110111 1010
00111000 1011
00111001 1100
00111010 1101
00111011 1110
00111100 1111
00111101 0000
00111110 0001
00111111 0010
01000000 0100
01000001 0101
01000010 0110
01000011 0111
01000100 1000
01000101 1001
01000110 1010
01000111 1011
01001000 1100
01001001 1101
01001010 1110
01001011 1111
01001100 0000
01001101 0001
01001110 0010
01001111 0011
01010000 0101
01010001 0110
01010010 0111
01010011 1000
01010100 1001
01010101 1010
01010110 1011
01010111 1100
01011000 1101
01011001 1110
01011010 1111
01011011 0000
01011100 0001
01011101 0010
01011110 0011
01011111 0100
01100000 0110
01100001 0111
01100010 1000
01100011 1001
01100100 1010
01100101 1011
01100110 1100
01100111 1101
01101000 1110
01101001 1111
01101010 0000
01101011 0001
01101100 0010
01101101 0011
01101110 0100
01101111 0101
01110000 0111
01110001 1000
01110010 1001
01110011 1010
01110100 1011
01110101 1100
01110110 1101
01110111 1110
01111000 1111
01111001 0000
01111010 0001
01111011 0010
01111100 0011
01111101 0100
01111110 0101
01111111 0110
10000000 1000
10000001 1001
10000010 1010
10000011 1011
10000100 1100
10000101 1101
10000110 1110
10000111 1111
10001000 0000
10001001 0001
10001010 0010
10001011 0011
10001100 0100
10001101 0101
10001110 0110
10001111 0111
10010000 1001
10010001 1010
10010010 1011
10010011 1100
10010100 1101
10010101 1110
10010110 1111
10010111 0000
10011000 0001
10011001 0010
10011010 0011
10011011 0100
10011100 0101
10011101 0110
10011110 0111
10011111 1000
10100000 1010
10100001 1011
10100010 1100
10100011 1101
10100100 1110
10100101 1111
10100110 0000
10100111 0001
10101000 0010
10101001 0011
10101010 0100
10101011 0101
10101100 0110
10101101 0111
10101110 1000
10101111 1001
10110000 1011
10110001 1100
10110010 1101
10110011 1110
10110100 1111
10110101 0000
10110110 0001
10110111 0010
10111000 0011
10111001 0100
10111010 0101
10111011 0110
10111100 0111
10111101 1000
10111110 1001
10111111 1010
11000000 1100
11000001 1101
11000010 1110
11000011 1111
11000100 0000
11000101 0001
11000110 0010
11000111 0011
11001000 0100
11001001 0101
11001010 0110
11001011 0111
11001100 1000
11001101 1001
11001110 1010
11001111 1011
11010000 1101
11010001 1110
11010010 1111
11010011 0000
11010100 0001
11010101 0010
11010110 0011
11010111 0100
11011000 0101
11011001 0110
11011010 0111
11011011 1000
11011100 1001
11011101 1010
11011110 1011
11011111 1100
11100000 1110
11100001 1111
11100010 0000
11100011 0001
11100100 0010
11100101 0011
11100110 0100
11100111 0101
11101000 0110
11101001 0111
11101010 1000
11101011 1001
11101100 1010
11101101 1011
11101110 1100
11101111 1101
11110000 1111
11110001 0000
11110010 0001
11110011 0010
11110100 0011
11110101 0100
11110110 0101
11110111 0110
11111000 0111
11111001 1000
11111010 1001
11111011 1010
11111100 1011
11111101 1100
11111110 1101
11111111 1110
