00000000 0000 1111
00000001 0001 1111
00000010 0010 1111
00000011 0011 1111
00000100 0100 1111
00000101 0101 1111
00000110 0110 1111
00000111 0111 1111
00001000 1000 1111
00001001 1001 1111
00001010 1010 1111
00001011 1011 1111
00001100 1100 1111
00001101 1101 1111
00001110 1110 1111
00001111 1111 1111
00010000 0001 1111
00010001 0010 1111
00010010 0011 1111
00010011 0100 1111
00010100 0101 1111
00010101 0110 1111
00010110 0111 1111
00010111 1000 1111
00011000 1001 1111
00011001 1010 1111
00011010 1011 1111
00011011 1100 1111
00011100 1101 1111
00011101 1110 1111
00011110 1111 1111
00011111 0000 1111
00100000 0010 1111
00100001 0011 1111
00100010 0100 1111
00100011 0101 1111
00100100 0110 1111
00100101 0111 1111
00100110 1000 1111
00100111 1001 1111
00101000 1010 1111
00101001 1011 1111
00101010 1100 1111
00101011 1101 1111
00101100 1110 1111
00101101 1111 1111
00101110 0000 1111
00101111 0001 1111
00110000 0011 1111
00110001 0100 1111
00110010 0101 1111
00110011 0110 1111
00110100 0111 1111
00110101 1000 1111
00110110 1001 1111
00110111 1010 1111
00111000 1011 1111
00111001 1100 1111
00111010 1101 1111
00111011 1110 1111
00111100 1111 1111
00111101 0000 1111
00111110 0001 1111
00111111 0010 1111
01000000 0100 1111
01000001 0101 1111
01000010 0110 1111
01000011 0111 1111
01000100 1000 1111
01000101 1001 1111
01000110 1010 1111
01000111 1011 1111
01001000 1100 1111
01001001 1101 1111
01001010 1110 1111
01001011 1111 1111
01001100 0000 1111
01001101 0001 1111
01001110 0010 1111
01001111 0011 1111
01010000 0101 1111
01010001 0110 1111
01010010 0111 1111
01010011 1000 1111
01010100 1001 1111
01010101 1010 1111
01010110 1011 1111
01010111 1100 1111
01011000 1101 1111
01011001 1110 1111
01011010 1111 1111
01011011 0000 1111
01011100 0001 1111
01011101 0010 1111
01011110 0011 1111
01011111 0100 1111
01100000 0110 1111
01100001 0111 1111
01100010 1000 1111
01100011 1001 1111
01100100 1010 1111
01100101 1011 1111
01100110 1100 1111
01100111 1101 1111
01101000 1110 1111
01101001 1111 1111
01101010 0000 1111
01101011 0001 1111
01101100 0010 1111
01101101 0011 1111
01101110 0100 1111
01101111 0101 1111
01110000 0111 1111
01110001 1000 1111
01110010 1001 1111
01110011 1010 1111
01110100 1011 1111
01110101 1100 1111
01110110 1101 1111
01110111 1110 1111
01111000 1111 1111
01111001 0000 1111
01111010 0001 1111
01111011 0010 1111
01111100 0011 1111
01111101 0100 1111
01111110 0101 1111
01111111 0110 1111
10000000 1000 1111
10000001 1001 1111
10000010 1010 1111
10000011 1011 1111
10000100 1100 1111
10000101 1101 1111
10000110 1110 1111
10000111 1111 1111
10001000 0000 1111
10001001 0001 1111
10001010 0010 1111
10001011 0011 1111
10001100 0100 1111
10001101 0101 1111
10001110 0110 1111
10001111 0111 1111
10010000 1001 1111
10010001 1010 1111
10010010 1011 1111
10010011 1100 1111
10010100 1101 1111
10010101 1110 1111
10010110 1111 1111
10010111 0000 1111
10011000 0001 1111
10011001 0010 1111
10011010 0011 1111
10011011 0100 1111
10011100 0101 1111
10011101 0110 1111
10011110 0111 1111
10011111 1000 1111
10100000 1010 1111
10100001 1011 1111
10100010 1100 1111
10100011 1101 1111
10100100 1110 1111
10100101 1111 1111
10100110 0000 1111
10100111 0001 1111
10101000 0010 1111
10101001 0011 1111
10101010 0100 1111
10101011 0101 1111
10101100 0110 1111
10101101 0111 1111
10101110 1000 1111
10101111 1001 1111
10110000 1011 1111
10110001 1100 1111
10110010 1101 1111
10110011 1110 1111
10110100 1111 1111
10110101 0000 1111
10110110 0001 1111
10110111 0010 1111
10111000 0011 1111
10111001 0100 1111
10111010 0101 1111
10111011 0110 1111
10111100 0111 1111
10111101 1000 1111
10111110 1001 1111
10111111 1010 1111
11000000 1100 1111
11000001 1101 1111
11000010 1110 1111
11000011 1111 1111
11000100 0000 1111
11000101 0001 1111
11000110 0010 1111
11000111 0011 1111
11001000 0100 1111
11001001 0101 1111
11001010 0110 1111
11001011 0111 1111
11001100 1000 1111
11001101 1001 1111
11001110 1010 1111
11001111 1011 1111
11010000 1101 1111
11010001 1110 1111
11010010 1111 1111
11010011 0000 1111
11010100 0001 1111
11010101 0010 1111
11010110 0011 1111
11010111 0100 1111
11011000 0101 1111
11011001 0110 1111
11011010 0111 1111
11011011 1000 1111
11011100 1001 1111
11011101 1010 1111
11011110 1011 1111
11011111 1100 1111
11100000 1110 1111
11100001 1111 1111
11100010 0000 1111
11100011 0001 1111
11100100 0010 1111
11100101 0011 1111
11100110 0100 1111
11100111 0101 1111
11101000 0110 1111
11101001 0111 1111
11101010 1000 1111
11101011 1001 1111
11101100 1010 1111
11101101 1011 1111
11101110 1100 1111
11101111 1101 1111
11110000 1111 1111
11110001 0000 1111
11110010 0001 1111
11110011 0010 1111
11110100 0011 1111
11110101 0100 1111
11110110 0101 1111
11110111 0110 1111
11111000 0111 1111
11111001 1000 1111
11111010 1001 1111
11111011 1010 1111
11111100 1011 1111
11111101 1100 1111
11111110 1101 1111
11111111 1110 1111
