0001100100 0 1
1001100100 0 0
0001101111 0 1
1001101111 0 0
0000100000 0 1
1000100000 0 0
0001111001 0 1
1001111001 0 0
0001101111 0 1
1001101111 0 0
0001110101 0 1
1001110101 0 0
0000100000 0 1
1000100000 0 0
0001101011 0 1
1001101011 0 0
0001101110 0 1
1001101110 0 0
0001101111 0 1
1001101111 0 0
0001110111 0 1
1001110111 0 0
0000100000 0 1
1000100000 0 0
0001101001 0 1
1001101001 0 0
0001100110 0 1
1001100110 0 0
0000100000 0 1
1000100000 0 0
0001110100 0 1
1001110100 0 0
0001101000 0 1
1001101000 0 0
0001100101 1 1
1001100101 1 0
0001110010 0 1
1001110010 0 0
0001100101 0 1
1001100101 0 0
0000100000 0 1
1000100000 0 0
0001101001 0 1
1001101001 0 0
0001110011 0 1
1001110011 0 0
0000100000 0 1
1000100000 0 0
0001100001 0 1
1001100001 0 0
0000100000 0 1
1000100000 0 0
0001100111 0 1
1001100111 0 0
0001110010 0 1
1001110010 0 0
0001101111 0 1
1001101111 0 0
0001110101 0 1
1001110101 0 0
0001101110 1 1
1001101110 1 0
0001100100 0 1
1001100100 0 0
0000100000 0 1
1000100000 0 0
0001110111 0 1
1001110111 0 0
0001101001 0 1
1001101001 0 0
0001110100 0 1
1001110100 0 0
0001101000 0 1
1001101000 0 0
0000100000 0 1
1000100000 0 0
0001100001 0 1
1001100001 0 0
0001110010 1 1
1001110010 1 0
0001100101 0 1
1001100101 0 0
0001101110 0 1
1001101110 0 0
0001100001 0 1
1001100001 0 0
0000100000 0 1
1000100000 0 0
0001101001 0 1
1001101001 0 0
0001101110 0 1
1001101110 0 0
0000100000 0 1
1000100000 0 0
0001101001 0 1
1001101001 0 0
0001101001 0 1
1001101001 0 0
0001110100 0 1
1001110100 0 0
0000100000 0 1
1000100000 0 0
0001100010 0 1
1001100010 0 0
0001101111 0 1
1001101111 0 0
0001101101 0 1
1001101101 0 0
0001100010 1 1
1001100010 1 0
0001100001 0 1
1001100001 0 0
0001111001 0 1
1001111001 0 0
