00100000000 _________ 000000000
10000000000 _________ 000000000
01000000000 000000000 000000000
11000000000 000000000 000000000
01000000000 000000000 000000000
11000000000 000000000 000000000
01000000000 000000000 000000000
11000000000 000000000 000000000
01000000000 000000000 000000000
11000000000 000000000 000000000
01000000000 000000001 111111111
11000000000 000000000 000000000
01000000001 000000000 000000000
11000000001 000000000 000000000
01000000001 000000000 000000000
11000000001 000000000 000000000
01000000001 000000000 000000000
11000000001 000000000 000000000
01000000001 000000000 000000000
11000000001 000000000 000000000
01000000001 000000001 111111111
11000000001 000000000 000000000
01000000010 000000000 000000000
11000000010 000000000 000000000
01000000010 000000000 000000000
11000000010 000000000 000000000
01000000010 000000000 000000000
11000000010 000000000 000000000
01000000010 000000000 000000000
11000000010 000000000 000000000
01000000010 000000001 111111111
11000000010 000000000 000000000
01000000011 000000000 000000000
11000000011 000000000 000000000
01000000011 000000000 000000000
11000000011 000000000 000000000
01000000011 000000000 000000000
11000000011 000000000 000000000
01000000011 000000000 000000000
11000000011 000000000 000000000
01000000011 000000001 111111111
11000000011 000000000 000000000
01000000100 000000000 000000000
11000000100 000000000 000000000
01000000100 000000000 000000000
11000000100 000000000 000000000
01000000100 000000000 000000000
11000000100 000000000 000000000
01000000100 000000000 000000000
11000000100 000000000 000000000
01000000100 000000001 111111111
11000000100 000000000 000000000
01000000101 000000000 000000000
11000000101 000000000 000000000
01000000101 000000000 000000000
11000000101 000000000 000000000
01000000101 000000000 000000000
11000000101 000000000 000000000
01000000101 000000000 000000000
11000000101 000000000 000000000
01000000101 000000001 111111111
11000000101 000000000 000000000
01000000110 000000000 000000000
11000000110 000000000 000000000
01000000110 000000000 000000000
11000000110 000000000 000000000
01000000110 000000000 000000000
11000000110 000000000 000000000
01000000110 000000000 000000000
11000000110 000000000 000000000
01000000110 000000001 111111111
11000000110 000000000 000000000
01000000111 000000000 000000000
11000000111 000000000 000000000
01000000111 000000000 000000000
11000000111 000000000 000000000
01000000111 000000000 000000000
11000000111 000000000 000000000
01000000111 000000000 000000000
11000000111 000000000 000000000
01000000111 000000001 111111111
11000000111 000000000 000000000
01000001000 000000000 000000000
11000001000 000000000 000000000
01000001000 000000000 000000000
11000001000 000000000 000000000
01000001000 000000000 000000000
11000001000 000000000 000000000
01000001000 000000000 000000000
11000001000 000000000 000000000
01000001000 000000001 111111111
11000001000 000000000 000000000
01000001001 000000000 000000000
11000001001 000000000 000000000
01000001001 000000000 000000000
11000001001 000000000 000000000
01000001001 000000000 000000000
11000001001 000000000 000000000
01000001001 000000000 000000000
11000001001 000000000 000000000
01000001001 000000001 111111111
11000001001 000000000 000000000
01000001010 000000000 000000000
11000001010 000000000 000000000
01000001010 000000000 000000000
11000001010 000000000 000000000
01000001010 000000000 000000000
11000001010 000000000 000000000
01000001010 000000000 000000000
11000001010 000000000 000000000
01000001010 000000001 111111111
11000001010 000000000 000000000
01000001011 000000000 000000000
11000001011 000000000 000000000
01000001011 000000000 000000000
11000001011 000000000 000000000
01000001011 000000000 000000000
11000001011 000000000 000000000
01000001011 000000000 000000000
11000001011 000000000 000000000
01000001011 000000001 111111111
11000001011 000000000 000000000
01000001100 000000000 000000000
11000001100 000000000 000000000
01000001100 000000000 000000000
11000001100 000000000 000000000
01000001100 000000000 000000000
11000001100 000000000 000000000
01000001100 000000000 000000000
11000001100 000000000 000000000
01000001100 000000001 111111111
11000001100 000000000 000000000
01000001101 000000000 000000000
11000001101 000000000 000000000
01000001101 000000000 000000000
11000001101 000000000 000000000
01000001101 000000000 000000000
11000001101 000000000 000000000
01000001101 000000000 000000000
11000001101 000000000 000000000
01000001101 000000001 111111111
11000001101 000000000 000000000
01000001110 000000000 000000000
11000001110 000000000 000000000
01000001110 000000000 000000000
11000001110 000000000 000000000
01000001110 000000000 000000000
11000001110 000000000 000000000
01000001110 000000000 000000000
11000001110 000000000 000000000
01000001110 000000001 111111111
11000001110 000000000 000000000
01000001111 000000000 000000000
11000001111 000000000 000000000
01000001111 000000000 000000000
11000001111 000000000 000000000
01000001111 000000000 000000000
11000001111 000000000 000000000
01000001111 000000000 000000000
11000001111 000000000 000000000
01000001111 000000001 111111111
11000001111 000000000 000000000
01000010000 000000000 000000000
11000010000 000000000 000000000
01000010000 000000000 000000000
11000010000 000000000 000000000
01000010000 000000000 000000000
11000010000 000000000 000000000
01000010000 000000000 000000000
11000010000 000000000 000000000
01000010000 000000001 111111111
11000010000 000000000 000000000
01000010001 000000000 000000000
11000010001 000000000 000000000
01000010001 000000000 000000000
11000010001 000000000 000000000
01000010001 000000000 000000000
11000010001 000000000 000000000
01000010001 000000000 000000000
11000010001 000000000 000000000
01000010001 000000011 111111111
11000010001 000000000 000000000
01000010010 000000000 000000000
11000010010 000000000 000000000
01000010010 000000000 000000000
11000010010 000000000 000000000
01000010010 000000000 000000000
11000010010 000000000 000000000
01000010010 000000000 000000000
11000010010 000000000 000000000
01000010010 000000101 111111111
11000010010 000000000 000000000
01000010011 000000000 000000000
11000010011 000000000 000000000
01000010011 000000000 000000000
11000010011 000000000 000000000
01000010011 000000000 000000000
11000010011 000000000 000000000
01000010011 000000000 000000000
11000010011 000000000 000000000
01000010011 000000111 111111111
11000010011 000000000 000000000
01000010100 000000000 000000000
11000010100 000000000 000000000
01000010100 000000000 000000000
11000010100 000000000 000000000
01000010100 000000000 000000000
11000010100 000000000 000000000
01000010100 000000000 000000000
11000010100 000000000 000000000
01000010100 000001001 111111111
11000010100 000000000 000000000
01000010101 000000000 000000000
11000010101 000000000 000000000
01000010101 000000000 000000000
11000010101 000000000 000000000
01000010101 000000000 000000000
11000010101 000000000 000000000
01000010101 000000000 000000000
11000010101 000000000 000000000
01000010101 000001011 111111111
11000010101 000000000 000000000
01000010110 000000000 000000000
11000010110 000000000 000000000
01000010110 000000000 000000000
11000010110 000000000 000000000
01000010110 000000000 000000000
11000010110 000000000 000000000
01000010110 000000000 000000000
11000010110 000000000 000000000
01000010110 000001101 111111111
11000010110 000000000 000000000
01000010111 000000000 000000000
11000010111 000000000 000000000
01000010111 000000000 000000000
11000010111 000000000 000000000
01000010111 000000000 000000000
11000010111 000000000 000000000
01000010111 000000000 000000000
11000010111 000000000 000000000
01000010111 000001111 111111111
11000010111 000000000 000000000
01000011000 000000000 000000000
11000011000 000000000 000000000
01000011000 000000000 000000000
11000011000 000000000 000000000
01000011000 000000000 000000000
11000011000 000000000 000000000
01000011000 000000000 000000000
11000011000 000000000 000000000
01000011000 000010001 111111111
11000011000 000000000 000000000
01000011001 000000000 000000000
11000011001 000000000 000000000
01000011001 000000000 000000000
11000011001 000000000 000000000
01000011001 000000000 000000000
11000011001 000000000 000000000
01000011001 000000000 000000000
11000011001 000000000 000000000
01000011001 000010011 111111111
11000011001 000000000 000000000
01000011010 000000000 000000000
11000011010 000000000 000000000
01000011010 000000000 000000000
11000011010 000000000 000000000
01000011010 000000000 000000000
11000011010 000000000 000000000
01000011010 000000000 000000000
11000011010 000000000 000000000
01000011010 000010101 111111111
11000011010 000000000 000000000
01000011011 000000000 000000000
11000011011 000000000 000000000
01000011011 000000000 000000000
11000011011 000000000 000000000
01000011011 000000000 000000000
11000011011 000000000 000000000
01000011011 000000000 000000000
11000011011 000000000 000000000
01000011011 000010111 111111111
11000011011 000000000 000000000
01000011100 000000000 000000000
11000011100 000000000 000000000
01000011100 000000000 000000000
11000011100 000000000 000000000
01000011100 000000000 000000000
11000011100 000000000 000000000
01000011100 000000000 000000000
11000011100 000000000 000000000
01000011100 000011001 111111111
11000011100 000000000 000000000
01000011101 000000000 000000000
11000011101 000000000 000000000
01000011101 000000000 000000000
11000011101 000000000 000000000
01000011101 000000000 000000000
11000011101 000000000 000000000
01000011101 000000000 000000000
11000011101 000000000 000000000
01000011101 000011011 111111111
11000011101 000000000 000000000
01000011110 000000000 000000000
11000011110 000000000 000000000
01000011110 000000000 000000000
11000011110 000000000 000000000
01000011110 000000000 000000000
11000011110 000000000 000000000
01000011110 000000000 000000000
11000011110 000000000 000000000
01000011110 000011101 111111111
11000011110 000000000 000000000
01000011111 000000000 000000000
11000011111 000000000 000000000
01000011111 000000000 000000000
11000011111 000000000 000000000
01000011111 000000000 000000000
11000011111 000000000 000000000
01000011111 000000000 000000000
11000011111 000000000 000000000
01000011111 000011111 111111111
11000011111 000000000 000000000
01000100000 000000000 000000000
11000100000 000000000 000000000
01000100000 000000000 000000000
11000100000 000000000 000000000
01000100000 000000000 000000000
11000100000 000000000 000000000
01000100000 000000000 000000000
11000100000 000000000 000000000
01000100000 000000001 111111111
11000100000 000000000 000000000
01000100001 000000000 000000000
11000100001 000000000 000000000
01000100001 000000000 000000000
11000100001 000000000 000000000
01000100001 000000000 000000000
11000100001 000000000 000000000
01000100001 000000000 000000000
11000100001 000000000 000000000
01000100001 000000101 111111111
11000100001 000000000 000000000
01000100010 000000000 000000000
11000100010 000000000 000000000
01000100010 000000000 000000000
11000100010 000000000 000000000
01000100010 000000000 000000000
11000100010 000000000 000000000
01000100010 000000000 000000000
11000100010 000000000 000000000
01000100010 000001001 111111111
11000100010 000000000 000000000
01000100011 000000000 000000000
11000100011 000000000 000000000
01000100011 000000000 000000000
11000100011 000000000 000000000
01000100011 000000000 000000000
11000100011 000000000 000000000
01000100011 000000000 000000000
11000100011 000000000 000000000
01000100011 000001101 111111111
11000100011 000000000 000000000
01000100100 000000000 000000000
11000100100 000000000 000000000
01000100100 000000000 000000000
11000100100 000000000 000000000
01000100100 000000000 000000000
11000100100 000000000 000000000
01000100100 000000000 000000000
11000100100 000000000 000000000
01000100100 000010001 111111111
11000100100 000000000 000000000
01000100101 000000000 000000000
11000100101 000000000 000000000
01000100101 000000000 000000000
11000100101 000000000 000000000
01000100101 000000000 000000000
11000100101 000000000 000000000
01000100101 000000000 000000000
11000100101 000000000 000000000
01000100101 000010101 111111111
11000100101 000000000 000000000
01000100110 000000000 000000000
11000100110 000000000 000000000
01000100110 000000000 000000000
11000100110 000000000 000000000
01000100110 000000000 000000000
11000100110 000000000 000000000
01000100110 000000000 000000000
11000100110 000000000 000000000
01000100110 000011001 111111111
11000100110 000000000 000000000
01000100111 000000000 000000000
11000100111 000000000 000000000
01000100111 000000000 000000000
11000100111 000000000 000000000
01000100111 000000000 000000000
11000100111 000000000 000000000
01000100111 000000000 000000000
11000100111 000000000 000000000
01000100111 000011101 111111111
11000100111 000000000 000000000
01000101000 000000000 000000000
11000101000 000000000 000000000
01000101000 000000000 000000000
11000101000 000000000 000000000
01000101000 000000000 000000000
11000101000 000000000 000000000
01000101000 000000000 000000000
11000101000 000000000 000000000
01000101000 000100001 111111111
11000101000 000000000 000000000
01000101001 000000000 000000000
11000101001 000000000 000000000
01000101001 000000000 000000000
11000101001 000000000 000000000
01000101001 000000000 000000000
11000101001 000000000 000000000
01000101001 000000000 000000000
11000101001 000000000 000000000
01000101001 000100101 111111111
11000101001 000000000 000000000
01000101010 000000000 000000000
11000101010 000000000 000000000
01000101010 000000000 000000000
11000101010 000000000 000000000
01000101010 000000000 000000000
11000101010 000000000 000000000
01000101010 000000000 000000000
11000101010 000000000 000000000
01000101010 000101001 111111111
11000101010 000000000 000000000
01000101011 000000000 000000000
11000101011 000000000 000000000
01000101011 000000000 000000000
11000101011 000000000 000000000
01000101011 000000000 000000000
11000101011 000000000 000000000
01000101011 000000000 000000000
11000101011 000000000 000000000
01000101011 000101101 111111111
11000101011 000000000 000000000
01000101100 000000000 000000000
11000101100 000000000 000000000
01000101100 000000000 000000000
11000101100 000000000 000000000
01000101100 000000000 000000000
11000101100 000000000 000000000
01000101100 000000000 000000000
11000101100 000000000 000000000
01000101100 000110001 111111111
11000101100 000000000 000000000
01000101101 000000000 000000000
11000101101 000000000 000000000
01000101101 000000000 000000000
11000101101 000000000 000000000
01000101101 000000000 000000000
11000101101 000000000 000000000
01000101101 000000000 000000000
11000101101 000000000 000000000
01000101101 000110101 111111111
11000101101 000000000 000000000
01000101110 000000000 000000000
11000101110 000000000 000000000
01000101110 000000000 000000000
11000101110 000000000 000000000
01000101110 000000000 000000000
11000101110 000000000 000000000
01000101110 000000000 000000000
11000101110 000000000 000000000
01000101110 000111001 111111111
11000101110 000000000 000000000
01000101111 000000000 000000000
11000101111 000000000 000000000
01000101111 000000000 000000000
11000101111 000000000 000000000
01000101111 000000000 000000000
11000101111 000000000 000000000
01000101111 000000000 000000000
11000101111 000000000 000000000
01000101111 000111101 111111111
11000101111 000000000 000000000
01000110000 000000000 000000000
11000110000 000000000 000000000
01000110000 000000000 000000000
11000110000 000000000 000000000
01000110000 000000000 000000000
11000110000 000000000 000000000
01000110000 000000000 000000000
11000110000 000000000 000000000
01000110000 000000001 111111111
11000110000 000000000 000000000
01000110001 000000000 000000000
11000110001 000000000 000000000
01000110001 000000000 000000000
11000110001 000000000 000000000
01000110001 000000000 000000000
11000110001 000000000 000000000
01000110001 000000000 000000000
11000110001 000000000 000000000
01000110001 000000111 111111111
11000110001 000000000 000000000
01000110010 000000000 000000000
11000110010 000000000 000000000
01000110010 000000000 000000000
11000110010 000000000 000000000
01000110010 000000000 000000000
11000110010 000000000 000000000
01000110010 000000000 000000000
11000110010 000000000 000000000
01000110010 000001101 111111111
11000110010 000000000 000000000
01000110011 000000000 000000000
11000110011 000000000 000000000
01000110011 000000000 000000000
11000110011 000000000 000000000
01000110011 000000000 000000000
11000110011 000000000 000000000
01000110011 000000000 000000000
11000110011 000000000 000000000
01000110011 000010011 111111111
11000110011 000000000 000000000
01000110100 000000000 000000000
11000110100 000000000 000000000
01000110100 000000000 000000000
11000110100 000000000 000000000
01000110100 000000000 000000000
11000110100 000000000 000000000
01000110100 000000000 000000000
11000110100 000000000 000000000
01000110100 000011001 111111111
11000110100 000000000 000000000
01000110101 000000000 000000000
11000110101 000000000 000000000
01000110101 000000000 000000000
11000110101 000000000 000000000
01000110101 000000000 000000000
11000110101 000000000 000000000
01000110101 000000000 000000000
11000110101 000000000 000000000
01000110101 000011111 111111111
11000110101 000000000 000000000
01000110110 000000000 000000000
11000110110 000000000 000000000
01000110110 000000000 000000000
11000110110 000000000 000000000
01000110110 000000000 000000000
11000110110 000000000 000000000
01000110110 000000000 000000000
11000110110 000000000 000000000
01000110110 000100101 111111111
11000110110 000000000 000000000
01000110111 000000000 000000000
11000110111 000000000 000000000
01000110111 000000000 000000000
11000110111 000000000 000000000
01000110111 000000000 000000000
11000110111 000000000 000000000
01000110111 000000000 000000000
11000110111 000000000 000000000
01000110111 000101011 111111111
11000110111 000000000 000000000
01000111000 000000000 000000000
11000111000 000000000 000000000
01000111000 000000000 000000000
11000111000 000000000 000000000
01000111000 000000000 000000000
11000111000 000000000 000000000
01000111000 000000000 000000000
11000111000 000000000 000000000
01000111000 000110001 111111111
11000111000 000000000 000000000
01000111001 000000000 000000000
11000111001 000000000 000000000
01000111001 000000000 000000000
11000111001 000000000 000000000
01000111001 000000000 000000000
11000111001 000000000 000000000
01000111001 000000000 000000000
11000111001 000000000 000000000
01000111001 000110111 111111111
11000111001 000000000 000000000
01000111010 000000000 000000000
11000111010 000000000 000000000
01000111010 000000000 000000000
11000111010 000000000 000000000
01000111010 000000000 000000000
11000111010 000000000 000000000
01000111010 000000000 000000000
11000111010 000000000 000000000
01000111010 000111101 111111111
11000111010 000000000 000000000
01000111011 000000000 000000000
11000111011 000000000 000000000
01000111011 000000000 000000000
11000111011 000000000 000000000
01000111011 000000000 000000000
11000111011 000000000 000000000
01000111011 000000000 000000000
11000111011 000000000 000000000
01000111011 001000011 111111111
11000111011 000000000 000000000
01000111100 000000000 000000000
11000111100 000000000 000000000
01000111100 000000000 000000000
11000111100 000000000 000000000
01000111100 000000000 000000000
11000111100 000000000 000000000
01000111100 000000000 000000000
11000111100 000000000 000000000
01000111100 001001001 111111111
11000111100 000000000 000000000
01000111101 000000000 000000000
11000111101 000000000 000000000
01000111101 000000000 000000000
11000111101 000000000 000000000
01000111101 000000000 000000000
11000111101 000000000 000000000
01000111101 000000000 000000000
11000111101 000000000 000000000
01000111101 001001111 111111111
11000111101 000000000 000000000
01000111110 000000000 000000000
11000111110 000000000 000000000
01000111110 000000000 000000000
11000111110 000000000 000000000
01000111110 000000000 000000000
11000111110 000000000 000000000
01000111110 000000000 000000000
11000111110 000000000 000000000
01000111110 001010101 111111111
11000111110 000000000 000000000
01000111111 000000000 000000000
11000111111 000000000 000000000
01000111111 000000000 000000000
11000111111 000000000 000000000
01000111111 000000000 000000000
11000111111 000000000 000000000
01000111111 000000000 000000000
11000111111 000000000 000000000
01000111111 001011011 111111111
11000111111 000000000 000000000
01001000000 000000000 000000000
11001000000 000000000 000000000
01001000000 000000000 000000000
11001000000 000000000 000000000
01001000000 000000000 000000000
11001000000 000000000 000000000
01001000000 000000000 000000000
11001000000 000000000 000000000
01001000000 000000001 111111111
11001000000 000000000 000000000
01001000001 000000000 000000000
11001000001 000000000 000000000
01001000001 000000000 000000000
11001000001 000000000 000000000
01001000001 000000000 000000000
11001000001 000000000 000000000
01001000001 000000000 000000000
11001000001 000000000 000000000
01001000001 000001001 111111111
11001000001 000000000 000000000
01001000010 000000000 000000000
11001000010 000000000 000000000
01001000010 000000000 000000000
11001000010 000000000 000000000
01001000010 000000000 000000000
11001000010 000000000 000000000
01001000010 000000000 000000000
11001000010 000000000 000000000
01001000010 000010001 111111111
11001000010 000000000 000000000
01001000011 000000000 000000000
11001000011 000000000 000000000
01001000011 000000000 000000000
11001000011 000000000 000000000
01001000011 000000000 000000000
11001000011 000000000 000000000
01001000011 000000000 000000000
11001000011 000000000 000000000
01001000011 000011001 111111111
11001000011 000000000 000000000
01001000100 000000000 000000000
11001000100 000000000 000000000
01001000100 000000000 000000000
11001000100 000000000 000000000
01001000100 000000000 000000000
11001000100 000000000 000000000
01001000100 000000000 000000000
11001000100 000000000 000000000
01001000100 000100001 111111111
11001000100 000000000 000000000
01001000101 000000000 000000000
11001000101 000000000 000000000
01001000101 000000000 000000000
11001000101 000000000 000000000
01001000101 000000000 000000000
11001000101 000000000 000000000
01001000101 000000000 000000000
11001000101 000000000 000000000
01001000101 000101001 111111111
11001000101 000000000 000000000
01001000110 000000000 000000000
11001000110 000000000 000000000
01001000110 000000000 000000000
11001000110 000000000 000000000
01001000110 000000000 000000000
11001000110 000000000 000000000
01001000110 000000000 000000000
11001000110 000000000 000000000
01001000110 000110001 111111111
11001000110 000000000 000000000
01001000111 000000000 000000000
11001000111 000000000 000000000
01001000111 000000000 000000000
11001000111 000000000 000000000
01001000111 000000000 000000000
11001000111 000000000 000000000
01001000111 000000000 000000000
11001000111 000000000 000000000
01001000111 000111001 111111111
11001000111 000000000 000000000
01001001000 000000000 000000000
11001001000 000000000 000000000
01001001000 000000000 000000000
11001001000 000000000 000000000
01001001000 000000000 000000000
11001001000 000000000 000000000
01001001000 000000000 000000000
11001001000 000000000 000000000
01001001000 001000001 111111111
11001001000 000000000 000000000
01001001001 000000000 000000000
11001001001 000000000 000000000
01001001001 000000000 000000000
11001001001 000000000 000000000
01001001001 000000000 000000000
11001001001 000000000 000000000
01001001001 000000000 000000000
11001001001 000000000 000000000
01001001001 001001001 111111111
11001001001 000000000 000000000
01001001010 000000000 000000000
11001001010 000000000 000000000
01001001010 000000000 000000000
11001001010 000000000 000000000
01001001010 000000000 000000000
11001001010 000000000 000000000
01001001010 000000000 000000000
11001001010 000000000 000000000
01001001010 001010001 111111111
11001001010 000000000 000000000
01001001011 000000000 000000000
11001001011 000000000 000000000
01001001011 000000000 000000000
11001001011 000000000 000000000
01001001011 000000000 000000000
11001001011 000000000 000000000
01001001011 000000000 000000000
11001001011 000000000 000000000
01001001011 001011001 111111111
11001001011 000000000 000000000
01001001100 000000000 000000000
11001001100 000000000 000000000
01001001100 000000000 000000000
11001001100 000000000 000000000
01001001100 000000000 000000000
11001001100 000000000 000000000
01001001100 000000000 000000000
11001001100 000000000 000000000
01001001100 001100001 111111111
11001001100 000000000 000000000
01001001101 000000000 000000000
11001001101 000000000 000000000
01001001101 000000000 000000000
11001001101 000000000 000000000
01001001101 000000000 000000000
11001001101 000000000 000000000
01001001101 000000000 000000000
11001001101 000000000 000000000
01001001101 001101001 111111111
11001001101 000000000 000000000
01001001110 000000000 000000000
11001001110 000000000 000000000
01001001110 000000000 000000000
11001001110 000000000 000000000
01001001110 000000000 000000000
11001001110 000000000 000000000
01001001110 000000000 000000000
11001001110 000000000 000000000
01001001110 001110001 111111111
11001001110 000000000 000000000
01001001111 000000000 000000000
11001001111 000000000 000000000
01001001111 000000000 000000000
11001001111 000000000 000000000
01001001111 000000000 000000000
11001001111 000000000 000000000
01001001111 000000000 000000000
11001001111 000000000 000000000
01001001111 001111001 111111111
11001001111 000000000 000000000
01001010000 000000000 000000000
11001010000 000000000 000000000
01001010000 000000000 000000000
11001010000 000000000 000000000
01001010000 000000000 000000000
11001010000 000000000 000000000
01001010000 000000000 000000000
11001010000 000000000 000000000
01001010000 000000001 111111111
11001010000 000000000 000000000
01001010001 000000000 000000000
11001010001 000000000 000000000
01001010001 000000000 000000000
11001010001 000000000 000000000
01001010001 000000000 000000000
11001010001 000000000 000000000
01001010001 000000000 000000000
11001010001 000000000 000000000
01001010001 000001011 111111111
11001010001 000000000 000000000
01001010010 000000000 000000000
11001010010 000000000 000000000
01001010010 000000000 000000000
11001010010 000000000 000000000
01001010010 000000000 000000000
11001010010 000000000 000000000
01001010010 000000000 000000000
11001010010 000000000 000000000
01001010010 000010101 111111111
11001010010 000000000 000000000
01001010011 000000000 000000000
11001010011 000000000 000000000
01001010011 000000000 000000000
11001010011 000000000 000000000
01001010011 000000000 000000000
11001010011 000000000 000000000
01001010011 000000000 000000000
11001010011 000000000 000000000
01001010011 000011111 111111111
11001010011 000000000 000000000
01001010100 000000000 000000000
11001010100 000000000 000000000
01001010100 000000000 000000000
11001010100 000000000 000000000
01001010100 000000000 000000000
11001010100 000000000 000000000
01001010100 000000000 000000000
11001010100 000000000 000000000
01001010100 000101001 111111111
11001010100 000000000 000000000
01001010101 000000000 000000000
11001010101 000000000 000000000
01001010101 000000000 000000000
11001010101 000000000 000000000
01001010101 000000000 000000000
11001010101 000000000 000000000
01001010101 000000000 000000000
11001010101 000000000 000000000
01001010101 000110011 111111111
11001010101 000000000 000000000
01001010110 000000000 000000000
11001010110 000000000 000000000
01001010110 000000000 000000000
11001010110 000000000 000000000
01001010110 000000000 000000000
11001010110 000000000 000000000
01001010110 000000000 000000000
11001010110 000000000 000000000
01001010110 000111101 111111111
11001010110 000000000 000000000
01001010111 000000000 000000000
11001010111 000000000 000000000
01001010111 000000000 000000000
11001010111 000000000 000000000
01001010111 000000000 000000000
11001010111 000000000 000000000
01001010111 000000000 000000000
11001010111 000000000 000000000
01001010111 001000111 111111111
11001010111 000000000 000000000
01001011000 000000000 000000000
11001011000 000000000 000000000
01001011000 000000000 000000000
11001011000 000000000 000000000
01001011000 000000000 000000000
11001011000 000000000 000000000
01001011000 000000000 000000000
11001011000 000000000 000000000
01001011000 001010001 111111111
11001011000 000000000 000000000
01001011001 000000000 000000000
11001011001 000000000 000000000
01001011001 000000000 000000000
11001011001 000000000 000000000
01001011001 000000000 000000000
11001011001 000000000 000000000
01001011001 000000000 000000000
11001011001 000000000 000000000
01001011001 001011011 111111111
11001011001 000000000 000000000
01001011010 000000000 000000000
11001011010 000000000 000000000
01001011010 000000000 000000000
11001011010 000000000 000000000
01001011010 000000000 000000000
11001011010 000000000 000000000
01001011010 000000000 000000000
11001011010 000000000 000000000
01001011010 001100101 111111111
11001011010 000000000 000000000
01001011011 000000000 000000000
11001011011 000000000 000000000
01001011011 000000000 000000000
11001011011 000000000 000000000
01001011011 000000000 000000000
11001011011 000000000 000000000
01001011011 000000000 000000000
11001011011 000000000 000000000
01001011011 001101111 111111111
11001011011 000000000 000000000
01001011100 000000000 000000000
11001011100 000000000 000000000
01001011100 000000000 000000000
11001011100 000000000 000000000
01001011100 000000000 000000000
11001011100 000000000 000000000
01001011100 000000000 000000000
11001011100 000000000 000000000
01001011100 001111001 111111111
11001011100 000000000 000000000
01001011101 000000000 000000000
11001011101 000000000 000000000
01001011101 000000000 000000000
11001011101 000000000 000000000
01001011101 000000000 000000000
11001011101 000000000 000000000
01001011101 000000000 000000000
11001011101 000000000 000000000
01001011101 010000011 111111111
11001011101 000000000 000000000
01001011110 000000000 000000000
11001011110 000000000 000000000
01001011110 000000000 000000000
11001011110 000000000 000000000
01001011110 000000000 000000000
11001011110 000000000 000000000
01001011110 000000000 000000000
11001011110 000000000 000000000
01001011110 010001101 111111111
11001011110 000000000 000000000
01001011111 000000000 000000000
11001011111 000000000 000000000
01001011111 000000000 000000000
11001011111 000000000 000000000
01001011111 000000000 000000000
11001011111 000000000 000000000
01001011111 000000000 000000000
11001011111 000000000 000000000
01001011111 010010111 111111111
11001011111 000000000 000000000
01001100000 000000000 000000000
11001100000 000000000 000000000
01001100000 000000000 000000000
11001100000 000000000 000000000
01001100000 000000000 000000000
11001100000 000000000 000000000
01001100000 000000000 000000000
11001100000 000000000 000000000
01001100000 000000001 111111111
11001100000 000000000 000000000
01001100001 000000000 000000000
11001100001 000000000 000000000
01001100001 000000000 000000000
11001100001 000000000 000000000
01001100001 000000000 000000000
11001100001 000000000 000000000
01001100001 000000000 000000000
11001100001 000000000 000000000
01001100001 000001101 111111111
11001100001 000000000 000000000
01001100010 000000000 000000000
11001100010 000000000 000000000
01001100010 000000000 000000000
11001100010 000000000 000000000
01001100010 000000000 000000000
11001100010 000000000 000000000
01001100010 000000000 000000000
11001100010 000000000 000000000
01001100010 000011001 111111111
11001100010 000000000 000000000
01001100011 000000000 000000000
11001100011 000000000 000000000
01001100011 000000000 000000000
11001100011 000000000 000000000
01001100011 000000000 000000000
11001100011 000000000 000000000
01001100011 000000000 000000000
11001100011 000000000 000000000
01001100011 000100101 111111111
11001100011 000000000 000000000
01001100100 000000000 000000000
11001100100 000000000 000000000
01001100100 000000000 000000000
11001100100 000000000 000000000
01001100100 000000000 000000000
11001100100 000000000 000000000
01001100100 000000000 000000000
11001100100 000000000 000000000
01001100100 000110001 111111111
11001100100 000000000 000000000
01001100101 000000000 000000000
11001100101 000000000 000000000
01001100101 000000000 000000000
11001100101 000000000 000000000
01001100101 000000000 000000000
11001100101 000000000 000000000
01001100101 000000000 000000000
11001100101 000000000 000000000
01001100101 000111101 111111111
11001100101 000000000 000000000
01001100110 000000000 000000000
11001100110 000000000 000000000
01001100110 000000000 000000000
11001100110 000000000 000000000
01001100110 000000000 000000000
11001100110 000000000 000000000
01001100110 000000000 000000000
11001100110 000000000 000000000
01001100110 001001001 111111111
11001100110 000000000 000000000
01001100111 000000000 000000000
11001100111 000000000 000000000
01001100111 000000000 000000000
11001100111 000000000 000000000
01001100111 000000000 000000000
11001100111 000000000 000000000
01001100111 000000000 000000000
11001100111 000000000 000000000
01001100111 001010101 111111111
11001100111 000000000 000000000
01001101000 000000000 000000000
11001101000 000000000 000000000
01001101000 000000000 000000000
11001101000 000000000 000000000
01001101000 000000000 000000000
11001101000 000000000 000000000
01001101000 000000000 000000000
11001101000 000000000 000000000
01001101000 001100001 111111111
11001101000 000000000 000000000
01001101001 000000000 000000000
11001101001 000000000 000000000
01001101001 000000000 000000000
11001101001 000000000 000000000
01001101001 000000000 000000000
11001101001 000000000 000000000
01001101001 000000000 000000000
11001101001 000000000 000000000
01001101001 001101101 111111111
11001101001 000000000 000000000
01001101010 000000000 000000000
11001101010 000000000 000000000
01001101010 000000000 000000000
11001101010 000000000 000000000
01001101010 000000000 000000000
11001101010 000000000 000000000
01001101010 000000000 000000000
11001101010 000000000 000000000
01001101010 001111001 111111111
11001101010 000000000 000000000
01001101011 000000000 000000000
11001101011 000000000 000000000
01001101011 000000000 000000000
11001101011 000000000 000000000
01001101011 000000000 000000000
11001101011 000000000 000000000
01001101011 000000000 000000000
11001101011 000000000 000000000
01001101011 010000101 111111111
11001101011 000000000 000000000
01001101100 000000000 000000000
11001101100 000000000 000000000
01001101100 000000000 000000000
11001101100 000000000 000000000
01001101100 000000000 000000000
11001101100 000000000 000000000
01001101100 000000000 000000000
11001101100 000000000 000000000
01001101100 010010001 111111111
11001101100 000000000 000000000
01001101101 000000000 000000000
11001101101 000000000 000000000
01001101101 000000000 000000000
11001101101 000000000 000000000
01001101101 000000000 000000000
11001101101 000000000 000000000
01001101101 000000000 000000000
11001101101 000000000 000000000
01001101101 010011101 111111111
11001101101 000000000 000000000
01001101110 000000000 000000000
11001101110 000000000 000000000
01001101110 000000000 000000000
11001101110 000000000 000000000
01001101110 000000000 000000000
11001101110 000000000 000000000
01001101110 000000000 000000000
11001101110 000000000 000000000
01001101110 010101001 111111111
11001101110 000000000 000000000
01001101111 000000000 000000000
11001101111 000000000 000000000
01001101111 000000000 000000000
11001101111 000000000 000000000
01001101111 000000000 000000000
11001101111 000000000 000000000
01001101111 000000000 000000000
11001101111 000000000 000000000
01001101111 010110101 111111111
11001101111 000000000 000000000
01001110000 000000000 000000000
11001110000 000000000 000000000
01001110000 000000000 000000000
11001110000 000000000 000000000
01001110000 000000000 000000000
11001110000 000000000 000000000
01001110000 000000000 000000000
11001110000 000000000 000000000
01001110000 000000001 111111111
11001110000 000000000 000000000
01001110001 000000000 000000000
11001110001 000000000 000000000
01001110001 000000000 000000000
11001110001 000000000 000000000
01001110001 000000000 000000000
11001110001 000000000 000000000
01001110001 000000000 000000000
11001110001 000000000 000000000
01001110001 000001111 111111111
11001110001 000000000 000000000
01001110010 000000000 000000000
11001110010 000000000 000000000
01001110010 000000000 000000000
11001110010 000000000 000000000
01001110010 000000000 000000000
11001110010 000000000 000000000
01001110010 000000000 000000000
11001110010 000000000 000000000
01001110010 000011101 111111111
11001110010 000000000 000000000
01001110011 000000000 000000000
11001110011 000000000 000000000
01001110011 000000000 000000000
11001110011 000000000 000000000
01001110011 000000000 000000000
11001110011 000000000 000000000
01001110011 000000000 000000000
11001110011 000000000 000000000
01001110011 000101011 111111111
11001110011 000000000 000000000
01001110100 000000000 000000000
11001110100 000000000 000000000
01001110100 000000000 000000000
11001110100 000000000 000000000
01001110100 000000000 000000000
11001110100 000000000 000000000
01001110100 000000000 000000000
11001110100 000000000 000000000
01001110100 000111001 111111111
11001110100 000000000 000000000
01001110101 000000000 000000000
11001110101 000000000 000000000
01001110101 000000000 000000000
11001110101 000000000 000000000
01001110101 000000000 000000000
11001110101 000000000 000000000
01001110101 000000000 000000000
11001110101 000000000 000000000
01001110101 001000111 111111111
11001110101 000000000 000000000
01001110110 000000000 000000000
11001110110 000000000 000000000
01001110110 000000000 000000000
11001110110 000000000 000000000
01001110110 000000000 000000000
11001110110 000000000 000000000
01001110110 000000000 000000000
11001110110 000000000 000000000
01001110110 001010101 111111111
11001110110 000000000 000000000
01001110111 000000000 000000000
11001110111 000000000 000000000
01001110111 000000000 000000000
11001110111 000000000 000000000
01001110111 000000000 000000000
11001110111 000000000 000000000
01001110111 000000000 000000000
11001110111 000000000 000000000
01001110111 001100011 111111111
11001110111 000000000 000000000
01001111000 000000000 000000000
11001111000 000000000 000000000
01001111000 000000000 000000000
11001111000 000000000 000000000
01001111000 000000000 000000000
11001111000 000000000 000000000
01001111000 000000000 000000000
11001111000 000000000 000000000
01001111000 001110001 111111111
11001111000 000000000 000000000
01001111001 000000000 000000000
11001111001 000000000 000000000
01001111001 000000000 000000000
11001111001 000000000 000000000
01001111001 000000000 000000000
11001111001 000000000 000000000
01001111001 000000000 000000000
11001111001 000000000 000000000
01001111001 001111111 111111111
11001111001 000000000 000000000
01001111010 000000000 000000000
11001111010 000000000 000000000
01001111010 000000000 000000000
11001111010 000000000 000000000
01001111010 000000000 000000000
11001111010 000000000 000000000
01001111010 000000000 000000000
11001111010 000000000 000000000
01001111010 010001101 111111111
11001111010 000000000 000000000
01001111011 000000000 000000000
11001111011 000000000 000000000
01001111011 000000000 000000000
11001111011 000000000 000000000
01001111011 000000000 000000000
11001111011 000000000 000000000
01001111011 000000000 000000000
11001111011 000000000 000000000
01001111011 010011011 111111111
11001111011 000000000 000000000
01001111100 000000000 000000000
11001111100 000000000 000000000
01001111100 000000000 000000000
11001111100 000000000 000000000
01001111100 000000000 000000000
11001111100 000000000 000000000
01001111100 000000000 000000000
11001111100 000000000 000000000
01001111100 010101001 111111111
11001111100 000000000 000000000
01001111101 000000000 000000000
11001111101 000000000 000000000
01001111101 000000000 000000000
11001111101 000000000 000000000
01001111101 000000000 000000000
11001111101 000000000 000000000
01001111101 000000000 000000000
11001111101 000000000 000000000
01001111101 010110111 111111111
11001111101 000000000 000000000
01001111110 000000000 000000000
11001111110 000000000 000000000
01001111110 000000000 000000000
11001111110 000000000 000000000
01001111110 000000000 000000000
11001111110 000000000 000000000
01001111110 000000000 000000000
11001111110 000000000 000000000
01001111110 011000101 111111111
11001111110 000000000 000000000
01001111111 000000000 000000000
11001111111 000000000 000000000
01001111111 000000000 000000000
11001111111 000000000 000000000
01001111111 000000000 000000000
11001111111 000000000 000000000
01001111111 000000000 000000000
11001111111 000000000 000000000
01001111111 011010011 111111111
11001111111 000000000 000000000
01010000000 000000000 000000000
11010000000 000000000 000000000
01010000000 000000000 000000000
11010000000 000000000 000000000
01010000000 000000000 000000000
11010000000 000000000 000000000
01010000000 000000000 000000000
11010000000 000000000 000000000
01010000000 000000001 111111111
11010000000 000000000 000000000
01010000001 000000000 000000000
11010000001 000000000 000000000
01010000001 000000000 000000000
11010000001 000000000 000000000
01010000001 000000000 000000000
11010000001 000000000 000000000
01010000001 000000000 000000000
11010000001 000000000 000000000
01010000001 000010001 111111111
11010000001 000000000 000000000
01010000010 000000000 000000000
11010000010 000000000 000000000
01010000010 000000000 000000000
11010000010 000000000 000000000
01010000010 000000000 000000000
11010000010 000000000 000000000
01010000010 000000000 000000000
11010000010 000000000 000000000
01010000010 000100001 111111111
11010000010 000000000 000000000
01010000011 000000000 000000000
11010000011 000000000 000000000
01010000011 000000000 000000000
11010000011 000000000 000000000
01010000011 000000000 000000000
11010000011 000000000 000000000
01010000011 000000000 000000000
11010000011 000000000 000000000
01010000011 000110001 111111111
11010000011 000000000 000000000
01010000100 000000000 000000000
11010000100 000000000 000000000
01010000100 000000000 000000000
11010000100 000000000 000000000
01010000100 000000000 000000000
11010000100 000000000 000000000
01010000100 000000000 000000000
11010000100 000000000 000000000
01010000100 001000001 111111111
11010000100 000000000 000000000
01010000101 000000000 000000000
11010000101 000000000 000000000
01010000101 000000000 000000000
11010000101 000000000 000000000
01010000101 000000000 000000000
11010000101 000000000 000000000
01010000101 000000000 000000000
11010000101 000000000 000000000
01010000101 001010001 111111111
11010000101 000000000 000000000
01010000110 000000000 000000000
11010000110 000000000 000000000
01010000110 000000000 000000000
11010000110 000000000 000000000
01010000110 000000000 000000000
11010000110 000000000 000000000
01010000110 000000000 000000000
11010000110 000000000 000000000
01010000110 001100001 111111111
11010000110 000000000 000000000
01010000111 000000000 000000000
11010000111 000000000 000000000
01010000111 000000000 000000000
11010000111 000000000 000000000
01010000111 000000000 000000000
11010000111 000000000 000000000
01010000111 000000000 000000000
11010000111 000000000 000000000
01010000111 001110001 111111111
11010000111 000000000 000000000
01010001000 000000000 000000000
11010001000 000000000 000000000
01010001000 000000000 000000000
11010001000 000000000 000000000
01010001000 000000000 000000000
11010001000 000000000 000000000
01010001000 000000000 000000000
11010001000 000000000 000000000
01010001000 010000001 111111111
11010001000 000000000 000000000
01010001001 000000000 000000000
11010001001 000000000 000000000
01010001001 000000000 000000000
11010001001 000000000 000000000
01010001001 000000000 000000000
11010001001 000000000 000000000
01010001001 000000000 000000000
11010001001 000000000 000000000
01010001001 010010001 111111111
11010001001 000000000 000000000
01010001010 000000000 000000000
11010001010 000000000 000000000
01010001010 000000000 000000000
11010001010 000000000 000000000
01010001010 000000000 000000000
11010001010 000000000 000000000
01010001010 000000000 000000000
11010001010 000000000 000000000
01010001010 010100001 111111111
11010001010 000000000 000000000
01010001011 000000000 000000000
11010001011 000000000 000000000
01010001011 000000000 000000000
11010001011 000000000 000000000
01010001011 000000000 000000000
11010001011 000000000 000000000
01010001011 000000000 000000000
11010001011 000000000 000000000
01010001011 010110001 111111111
11010001011 000000000 000000000
01010001100 000000000 000000000
11010001100 000000000 000000000
01010001100 000000000 000000000
11010001100 000000000 000000000
01010001100 000000000 000000000
11010001100 000000000 000000000
01010001100 000000000 000000000
11010001100 000000000 000000000
01010001100 011000001 111111111
11010001100 000000000 000000000
01010001101 000000000 000000000
11010001101 000000000 000000000
01010001101 000000000 000000000
11010001101 000000000 000000000
01010001101 000000000 000000000
11010001101 000000000 000000000
01010001101 000000000 000000000
11010001101 000000000 000000000
01010001101 011010001 111111111
11010001101 000000000 000000000
01010001110 000000000 000000000
11010001110 000000000 000000000
01010001110 000000000 000000000
11010001110 000000000 000000000
01010001110 000000000 000000000
11010001110 000000000 000000000
01010001110 000000000 000000000
11010001110 000000000 000000000
01010001110 011100001 111111111
11010001110 000000000 000000000
01010001111 000000000 000000000
11010001111 000000000 000000000
01010001111 000000000 000000000
11010001111 000000000 000000000
01010001111 000000000 000000000
11010001111 000000000 000000000
01010001111 000000000 000000000
11010001111 000000000 000000000
01010001111 011110001 111111111
11010001111 000000000 000000000
01010010000 000000000 000000000
11010010000 000000000 000000000
01010010000 000000000 000000000
11010010000 000000000 000000000
01010010000 000000000 000000000
11010010000 000000000 000000000
01010010000 000000000 000000000
11010010000 000000000 000000000
01010010000 000000001 111111111
11010010000 000000000 000000000
01010010001 000000000 000000000
11010010001 000000000 000000000
01010010001 000000000 000000000
11010010001 000000000 000000000
01010010001 000000000 000000000
11010010001 000000000 000000000
01010010001 000000000 000000000
11010010001 000000000 000000000
01010010001 000010011 111111111
11010010001 000000000 000000000
01010010010 000000000 000000000
11010010010 000000000 000000000
01010010010 000000000 000000000
11010010010 000000000 000000000
01010010010 000000000 000000000
11010010010 000000000 000000000
01010010010 000000000 000000000
11010010010 000000000 000000000
01010010010 000100101 111111111
11010010010 000000000 000000000
01010010011 000000000 000000000
11010010011 000000000 000000000
01010010011 000000000 000000000
11010010011 000000000 000000000
01010010011 000000000 000000000
11010010011 000000000 000000000
01010010011 000000000 000000000
11010010011 000000000 000000000
01010010011 000110111 111111111
11010010011 000000000 000000000
01010010100 000000000 000000000
11010010100 000000000 000000000
01010010100 000000000 000000000
11010010100 000000000 000000000
01010010100 000000000 000000000
11010010100 000000000 000000000
01010010100 000000000 000000000
11010010100 000000000 000000000
01010010100 001001001 111111111
11010010100 000000000 000000000
01010010101 000000000 000000000
11010010101 000000000 000000000
01010010101 000000000 000000000
11010010101 000000000 000000000
01010010101 000000000 000000000
11010010101 000000000 000000000
01010010101 000000000 000000000
11010010101 000000000 000000000
01010010101 001011011 111111111
11010010101 000000000 000000000
01010010110 000000000 000000000
11010010110 000000000 000000000
01010010110 000000000 000000000
11010010110 000000000 000000000
01010010110 000000000 000000000
11010010110 000000000 000000000
01010010110 000000000 000000000
11010010110 000000000 000000000
01010010110 001101101 111111111
11010010110 000000000 000000000
01010010111 000000000 000000000
11010010111 000000000 000000000
01010010111 000000000 000000000
11010010111 000000000 000000000
01010010111 000000000 000000000
11010010111 000000000 000000000
01010010111 000000000 000000000
11010010111 000000000 000000000
01010010111 001111111 111111111
11010010111 000000000 000000000
01010011000 000000000 000000000
11010011000 000000000 000000000
01010011000 000000000 000000000
11010011000 000000000 000000000
01010011000 000000000 000000000
11010011000 000000000 000000000
01010011000 000000000 000000000
11010011000 000000000 000000000
01010011000 010010001 111111111
11010011000 000000000 000000000
01010011001 000000000 000000000
11010011001 000000000 000000000
01010011001 000000000 000000000
11010011001 000000000 000000000
01010011001 000000000 000000000
11010011001 000000000 000000000
01010011001 000000000 000000000
11010011001 000000000 000000000
01010011001 010100011 111111111
11010011001 000000000 000000000
01010011010 000000000 000000000
11010011010 000000000 000000000
01010011010 000000000 000000000
11010011010 000000000 000000000
01010011010 000000000 000000000
11010011010 000000000 000000000
01010011010 000000000 000000000
11010011010 000000000 000000000
01010011010 010110101 111111111
11010011010 000000000 000000000
01010011011 000000000 000000000
11010011011 000000000 000000000
01010011011 000000000 000000000
11010011011 000000000 000000000
01010011011 000000000 000000000
11010011011 000000000 000000000
01010011011 000000000 000000000
11010011011 000000000 000000000
01010011011 011000111 111111111
11010011011 000000000 000000000
01010011100 000000000 000000000
11010011100 000000000 000000000
01010011100 000000000 000000000
11010011100 000000000 000000000
01010011100 000000000 000000000
11010011100 000000000 000000000
01010011100 000000000 000000000
11010011100 000000000 000000000
01010011100 011011001 111111111
11010011100 000000000 000000000
01010011101 000000000 000000000
11010011101 000000000 000000000
01010011101 000000000 000000000
11010011101 000000000 000000000
01010011101 000000000 000000000
11010011101 000000000 000000000
01010011101 000000000 000000000
11010011101 000000000 000000000
01010011101 011101011 111111111
11010011101 000000000 000000000
01010011110 000000000 000000000
11010011110 000000000 000000000
01010011110 000000000 000000000
11010011110 000000000 000000000
01010011110 000000000 000000000
11010011110 000000000 000000000
01010011110 000000000 000000000
11010011110 000000000 000000000
01010011110 011111101 111111111
11010011110 000000000 000000000
01010011111 000000000 000000000
11010011111 000000000 000000000
01010011111 000000000 000000000
11010011111 000000000 000000000
01010011111 000000000 000000000
11010011111 000000000 000000000
01010011111 000000000 000000000
11010011111 000000000 000000000
01010011111 100001111 111111111
11010011111 000000000 000000000
01010100000 000000000 000000000
11010100000 000000000 000000000
01010100000 000000000 000000000
11010100000 000000000 000000000
01010100000 000000000 000000000
11010100000 000000000 000000000
01010100000 000000000 000000000
11010100000 000000000 000000000
01010100000 000000001 111111111
11010100000 000000000 000000000
01010100001 000000000 000000000
11010100001 000000000 000000000
01010100001 000000000 000000000
11010100001 000000000 000000000
01010100001 000000000 000000000
11010100001 000000000 000000000
01010100001 000000000 000000000
11010100001 000000000 000000000
01010100001 000010101 111111111
11010100001 000000000 000000000
01010100010 000000000 000000000
11010100010 000000000 000000000
01010100010 000000000 000000000
11010100010 000000000 000000000
01010100010 000000000 000000000
11010100010 000000000 000000000
01010100010 000000000 000000000
11010100010 000000000 000000000
01010100010 000101001 111111111
11010100010 000000000 000000000
01010100011 000000000 000000000
11010100011 000000000 000000000
01010100011 000000000 000000000
11010100011 000000000 000000000
01010100011 000000000 000000000
11010100011 000000000 000000000
01010100011 000000000 000000000
11010100011 000000000 000000000
01010100011 000111101 111111111
11010100011 000000000 000000000
01010100100 000000000 000000000
11010100100 000000000 000000000
01010100100 000000000 000000000
11010100100 000000000 000000000
01010100100 000000000 000000000
11010100100 000000000 000000000
01010100100 000000000 000000000
11010100100 000000000 000000000
01010100100 001010001 111111111
11010100100 000000000 000000000
01010100101 000000000 000000000
11010100101 000000000 000000000
01010100101 000000000 000000000
11010100101 000000000 000000000
01010100101 000000000 000000000
11010100101 000000000 000000000
01010100101 000000000 000000000
11010100101 000000000 000000000
01010100101 001100101 111111111
11010100101 000000000 000000000
01010100110 000000000 000000000
11010100110 000000000 000000000
01010100110 000000000 000000000
11010100110 000000000 000000000
01010100110 000000000 000000000
11010100110 000000000 000000000
01010100110 000000000 000000000
11010100110 000000000 000000000
01010100110 001111001 111111111
11010100110 000000000 000000000
01010100111 000000000 000000000
11010100111 000000000 000000000
01010100111 000000000 000000000
11010100111 000000000 000000000
01010100111 000000000 000000000
11010100111 000000000 000000000
01010100111 000000000 000000000
11010100111 000000000 000000000
01010100111 010001101 111111111
11010100111 000000000 000000000
01010101000 000000000 000000000
11010101000 000000000 000000000
01010101000 000000000 000000000
11010101000 000000000 000000000
01010101000 000000000 000000000
11010101000 000000000 000000000
01010101000 000000000 000000000
11010101000 000000000 000000000
01010101000 010100001 111111111
11010101000 000000000 000000000
01010101001 000000000 000000000
11010101001 000000000 000000000
01010101001 000000000 000000000
11010101001 000000000 000000000
01010101001 000000000 000000000
11010101001 000000000 000000000
01010101001 000000000 000000000
11010101001 000000000 000000000
01010101001 010110101 111111111
11010101001 000000000 000000000
01010101010 000000000 000000000
11010101010 000000000 000000000
01010101010 000000000 000000000
11010101010 000000000 000000000
01010101010 000000000 000000000
11010101010 000000000 000000000
01010101010 000000000 000000000
11010101010 000000000 000000000
01010101010 011001001 111111111
11010101010 000000000 000000000
01010101011 000000000 000000000
11010101011 000000000 000000000
01010101011 000000000 000000000
11010101011 000000000 000000000
01010101011 000000000 000000000
11010101011 000000000 000000000
01010101011 000000000 000000000
11010101011 000000000 000000000
01010101011 011011101 111111111
11010101011 000000000 000000000
01010101100 000000000 000000000
11010101100 000000000 000000000
01010101100 000000000 000000000
11010101100 000000000 000000000
01010101100 000000000 000000000
11010101100 000000000 000000000
01010101100 000000000 000000000
11010101100 000000000 000000000
01010101100 011110001 111111111
11010101100 000000000 000000000
01010101101 000000000 000000000
11010101101 000000000 000000000
01010101101 000000000 000000000
11010101101 000000000 000000000
01010101101 000000000 000000000
11010101101 000000000 000000000
01010101101 000000000 000000000
11010101101 000000000 000000000
01010101101 100000101 111111111
11010101101 000000000 000000000
01010101110 000000000 000000000
11010101110 000000000 000000000
01010101110 000000000 000000000
11010101110 000000000 000000000
01010101110 000000000 000000000
11010101110 000000000 000000000
01010101110 000000000 000000000
11010101110 000000000 000000000
01010101110 100011001 111111111
11010101110 000000000 000000000
01010101111 000000000 000000000
11010101111 000000000 000000000
01010101111 000000000 000000000
11010101111 000000000 000000000
01010101111 000000000 000000000
11010101111 000000000 000000000
01010101111 000000000 000000000
11010101111 000000000 000000000
01010101111 100101101 111111111
11010101111 000000000 000000000
01010110000 000000000 000000000
11010110000 000000000 000000000
01010110000 000000000 000000000
11010110000 000000000 000000000
01010110000 000000000 000000000
11010110000 000000000 000000000
01010110000 000000000 000000000
11010110000 000000000 000000000
01010110000 000000001 111111111
11010110000 000000000 000000000
01010110001 000000000 000000000
11010110001 000000000 000000000
01010110001 000000000 000000000
11010110001 000000000 000000000
01010110001 000000000 000000000
11010110001 000000000 000000000
01010110001 000000000 000000000
11010110001 000000000 000000000
01010110001 000010111 111111111
11010110001 000000000 000000000
01010110010 000000000 000000000
11010110010 000000000 000000000
01010110010 000000000 000000000
11010110010 000000000 000000000
01010110010 000000000 000000000
11010110010 000000000 000000000
01010110010 000000000 000000000
11010110010 000000000 000000000
01010110010 000101101 111111111
11010110010 000000000 000000000
01010110011 000000000 000000000
11010110011 000000000 000000000
01010110011 000000000 000000000
11010110011 000000000 000000000
01010110011 000000000 000000000
11010110011 000000000 000000000
01010110011 000000000 000000000
11010110011 000000000 000000000
01010110011 001000011 111111111
11010110011 000000000 000000000
01010110100 000000000 000000000
11010110100 000000000 000000000
01010110100 000000000 000000000
11010110100 000000000 000000000
01010110100 000000000 000000000
11010110100 000000000 000000000
01010110100 000000000 000000000
11010110100 000000000 000000000
01010110100 001011001 111111111
11010110100 000000000 000000000
01010110101 000000000 000000000
11010110101 000000000 000000000
01010110101 000000000 000000000
11010110101 000000000 000000000
01010110101 000000000 000000000
11010110101 000000000 000000000
01010110101 000000000 000000000
11010110101 000000000 000000000
01010110101 001101111 111111111
11010110101 000000000 000000000
01010110110 000000000 000000000
11010110110 000000000 000000000
01010110110 000000000 000000000
11010110110 000000000 000000000
01010110110 000000000 000000000
11010110110 000000000 000000000
01010110110 000000000 000000000
11010110110 000000000 000000000
01010110110 010000101 111111111
11010110110 000000000 000000000
01010110111 000000000 000000000
11010110111 000000000 000000000
01010110111 000000000 000000000
11010110111 000000000 000000000
01010110111 000000000 000000000
11010110111 000000000 000000000
01010110111 000000000 000000000
11010110111 000000000 000000000
01010110111 010011011 111111111
11010110111 000000000 000000000
01010111000 000000000 000000000
11010111000 000000000 000000000
01010111000 000000000 000000000
11010111000 000000000 000000000
01010111000 000000000 000000000
11010111000 000000000 000000000
01010111000 000000000 000000000
11010111000 000000000 000000000
01010111000 010110001 111111111
11010111000 000000000 000000000
01010111001 000000000 000000000
11010111001 000000000 000000000
01010111001 000000000 000000000
11010111001 000000000 000000000
01010111001 000000000 000000000
11010111001 000000000 000000000
01010111001 000000000 000000000
11010111001 000000000 000000000
01010111001 011000111 111111111
11010111001 000000000 000000000
01010111010 000000000 000000000
11010111010 000000000 000000000
01010111010 000000000 000000000
11010111010 000000000 000000000
01010111010 000000000 000000000
11010111010 000000000 000000000
01010111010 000000000 000000000
11010111010 000000000 000000000
01010111010 011011101 111111111
11010111010 000000000 000000000
01010111011 000000000 000000000
11010111011 000000000 000000000
01010111011 000000000 000000000
11010111011 000000000 000000000
01010111011 000000000 000000000
11010111011 000000000 000000000
01010111011 000000000 000000000
11010111011 000000000 000000000
01010111011 011110011 111111111
11010111011 000000000 000000000
01010111100 000000000 000000000
11010111100 000000000 000000000
01010111100 000000000 000000000
11010111100 000000000 000000000
01010111100 000000000 000000000
11010111100 000000000 000000000
01010111100 000000000 000000000
11010111100 000000000 000000000
01010111100 100001001 111111111
11010111100 000000000 000000000
01010111101 000000000 000000000
11010111101 000000000 000000000
01010111101 000000000 000000000
11010111101 000000000 000000000
01010111101 000000000 000000000
11010111101 000000000 000000000
01010111101 000000000 000000000
11010111101 000000000 000000000
01010111101 100011111 111111111
11010111101 000000000 000000000
01010111110 000000000 000000000
11010111110 000000000 000000000
01010111110 000000000 000000000
11010111110 000000000 000000000
01010111110 000000000 000000000
11010111110 000000000 000000000
01010111110 000000000 000000000
11010111110 000000000 000000000
01010111110 100110101 111111111
11010111110 000000000 000000000
01010111111 000000000 000000000
11010111111 000000000 000000000
01010111111 000000000 000000000
11010111111 000000000 000000000
01010111111 000000000 000000000
11010111111 000000000 000000000
01010111111 000000000 000000000
11010111111 000000000 000000000
01010111111 101001011 111111111
11010111111 000000000 000000000
01011000000 000000000 000000000
11011000000 000000000 000000000
01011000000 000000000 000000000
11011000000 000000000 000000000
01011000000 000000000 000000000
11011000000 000000000 000000000
01011000000 000000000 000000000
11011000000 000000000 000000000
01011000000 000000001 111111111
11011000000 000000000 000000000
01011000001 000000000 000000000
11011000001 000000000 000000000
01011000001 000000000 000000000
11011000001 000000000 000000000
01011000001 000000000 000000000
11011000001 000000000 000000000
01011000001 000000000 000000000
11011000001 000000000 000000000
01011000001 000011001 111111111
11011000001 000000000 000000000
01011000010 000000000 000000000
11011000010 000000000 000000000
01011000010 000000000 000000000
11011000010 000000000 000000000
01011000010 000000000 000000000
11011000010 000000000 000000000
01011000010 000000000 000000000
11011000010 000000000 000000000
01011000010 000110001 111111111
11011000010 000000000 000000000
01011000011 000000000 000000000
11011000011 000000000 000000000
01011000011 000000000 000000000
11011000011 000000000 000000000
01011000011 000000000 000000000
11011000011 000000000 000000000
01011000011 000000000 000000000
11011000011 000000000 000000000
01011000011 001001001 111111111
11011000011 000000000 000000000
01011000100 000000000 000000000
11011000100 000000000 000000000
01011000100 000000000 000000000
11011000100 000000000 000000000
01011000100 000000000 000000000
11011000100 000000000 000000000
01011000100 000000000 000000000
11011000100 000000000 000000000
01011000100 001100001 111111111
11011000100 000000000 000000000
01011000101 000000000 000000000
11011000101 000000000 000000000
01011000101 000000000 000000000
11011000101 000000000 000000000
01011000101 000000000 000000000
11011000101 000000000 000000000
01011000101 000000000 000000000
11011000101 000000000 000000000
01011000101 001111001 111111111
11011000101 000000000 000000000
01011000110 000000000 000000000
11011000110 000000000 000000000
01011000110 000000000 000000000
11011000110 000000000 000000000
01011000110 000000000 000000000
11011000110 000000000 000000000
01011000110 000000000 000000000
11011000110 000000000 000000000
01011000110 010010001 111111111
11011000110 000000000 000000000
01011000111 000000000 000000000
11011000111 000000000 000000000
01011000111 000000000 000000000
11011000111 000000000 000000000
01011000111 000000000 000000000
11011000111 000000000 000000000
01011000111 000000000 000000000
11011000111 000000000 000000000
01011000111 010101001 111111111
11011000111 000000000 000000000
01011001000 000000000 000000000
11011001000 000000000 000000000
01011001000 000000000 000000000
11011001000 000000000 000000000
01011001000 000000000 000000000
11011001000 000000000 000000000
01011001000 000000000 000000000
11011001000 000000000 000000000
01011001000 011000001 111111111
11011001000 000000000 000000000
01011001001 000000000 000000000
11011001001 000000000 000000000
01011001001 000000000 000000000
11011001001 000000000 000000000
01011001001 000000000 000000000
11011001001 000000000 000000000
01011001001 000000000 000000000
11011001001 000000000 000000000
01011001001 011011001 111111111
11011001001 000000000 000000000
01011001010 000000000 000000000
11011001010 000000000 000000000
01011001010 000000000 000000000
11011001010 000000000 000000000
01011001010 000000000 000000000
11011001010 000000000 000000000
01011001010 000000000 000000000
11011001010 000000000 000000000
01011001010 011110001 111111111
11011001010 000000000 000000000
01011001011 000000000 000000000
11011001011 000000000 000000000
01011001011 000000000 000000000
11011001011 000000000 000000000
01011001011 000000000 000000000
11011001011 000000000 000000000
01011001011 000000000 000000000
11011001011 000000000 000000000
01011001011 100001001 111111111
11011001011 000000000 000000000
01011001100 000000000 000000000
11011001100 000000000 000000000
01011001100 000000000 000000000
11011001100 000000000 000000000
01011001100 000000000 000000000
11011001100 000000000 000000000
01011001100 000000000 000000000
11011001100 000000000 000000000
01011001100 100100001 111111111
11011001100 000000000 000000000
01011001101 000000000 000000000
11011001101 000000000 000000000
01011001101 000000000 000000000
11011001101 000000000 000000000
01011001101 000000000 000000000
11011001101 000000000 000000000
01011001101 000000000 000000000
11011001101 000000000 000000000
01011001101 100111001 111111111
11011001101 000000000 000000000
01011001110 000000000 000000000
11011001110 000000000 000000000
01011001110 000000000 000000000
11011001110 000000000 000000000
01011001110 000000000 000000000
11011001110 000000000 000000000
01011001110 000000000 000000000
11011001110 000000000 000000000
01011001110 101010001 111111111
11011001110 000000000 000000000
01011001111 000000000 000000000
11011001111 000000000 000000000
01011001111 000000000 000000000
11011001111 000000000 000000000
01011001111 000000000 000000000
11011001111 000000000 000000000
01011001111 000000000 000000000
11011001111 000000000 000000000
01011001111 101101001 111111111
11011001111 000000000 000000000
01011010000 000000000 000000000
11011010000 000000000 000000000
01011010000 000000000 000000000
11011010000 000000000 000000000
01011010000 000000000 000000000
11011010000 000000000 000000000
01011010000 000000000 000000000
11011010000 000000000 000000000
01011010000 000000001 111111111
11011010000 000000000 000000000
01011010001 000000000 000000000
11011010001 000000000 000000000
01011010001 000000000 000000000
11011010001 000000000 000000000
01011010001 000000000 000000000
11011010001 000000000 000000000
01011010001 000000000 000000000
11011010001 000000000 000000000
01011010001 000011011 111111111
11011010001 000000000 000000000
01011010010 000000000 000000000
11011010010 000000000 000000000
01011010010 000000000 000000000
11011010010 000000000 000000000
01011010010 000000000 000000000
11011010010 000000000 000000000
01011010010 000000000 000000000
11011010010 000000000 000000000
01011010010 000110101 111111111
11011010010 000000000 000000000
01011010011 000000000 000000000
11011010011 000000000 000000000
01011010011 000000000 000000000
11011010011 000000000 000000000
01011010011 000000000 000000000
11011010011 000000000 000000000
01011010011 000000000 000000000
11011010011 000000000 000000000
01011010011 001001111 111111111
11011010011 000000000 000000000
01011010100 000000000 000000000
11011010100 000000000 000000000
01011010100 000000000 000000000
11011010100 000000000 000000000
01011010100 000000000 000000000
11011010100 000000000 000000000
01011010100 000000000 000000000
11011010100 000000000 000000000
01011010100 001101001 111111111
11011010100 000000000 000000000
01011010101 000000000 000000000
11011010101 000000000 000000000
01011010101 000000000 000000000
11011010101 000000000 000000000
01011010101 000000000 000000000
11011010101 000000000 000000000
01011010101 000000000 000000000
11011010101 000000000 000000000
01011010101 010000011 111111111
11011010101 000000000 000000000
01011010110 000000000 000000000
11011010110 000000000 000000000
01011010110 000000000 000000000
11011010110 000000000 000000000
01011010110 000000000 000000000
11011010110 000000000 000000000
01011010110 000000000 000000000
11011010110 000000000 000000000
01011010110 010011101 111111111
11011010110 000000000 000000000
01011010111 000000000 000000000
11011010111 000000000 000000000
01011010111 000000000 000000000
11011010111 000000000 000000000
01011010111 000000000 000000000
11011010111 000000000 000000000
01011010111 000000000 000000000
11011010111 000000000 000000000
01011010111 010110111 111111111
11011010111 000000000 000000000
01011011000 000000000 000000000
11011011000 000000000 000000000
01011011000 000000000 000000000
11011011000 000000000 000000000
01011011000 000000000 000000000
11011011000 000000000 000000000
01011011000 000000000 000000000
11011011000 000000000 000000000
01011011000 011010001 111111111
11011011000 000000000 000000000
01011011001 000000000 000000000
11011011001 000000000 000000000
01011011001 000000000 000000000
11011011001 000000000 000000000
01011011001 000000000 000000000
11011011001 000000000 000000000
01011011001 000000000 000000000
11011011001 000000000 000000000
01011011001 011101011 111111111
11011011001 000000000 000000000
01011011010 000000000 000000000
11011011010 000000000 000000000
01011011010 000000000 000000000
11011011010 000000000 000000000
01011011010 000000000 000000000
11011011010 000000000 000000000
01011011010 000000000 000000000
11011011010 000000000 000000000
01011011010 100000101 111111111
11011011010 000000000 000000000
01011011011 000000000 000000000
11011011011 000000000 000000000
01011011011 000000000 000000000
11011011011 000000000 000000000
01011011011 000000000 000000000
11011011011 000000000 000000000
01011011011 000000000 000000000
11011011011 000000000 000000000
01011011011 100011111 111111111
11011011011 000000000 000000000
01011011100 000000000 000000000
11011011100 000000000 000000000
01011011100 000000000 000000000
11011011100 000000000 000000000
01011011100 000000000 000000000
11011011100 000000000 000000000
01011011100 000000000 000000000
11011011100 000000000 000000000
01011011100 100111001 111111111
11011011100 000000000 000000000
01011011101 000000000 000000000
11011011101 000000000 000000000
01011011101 000000000 000000000
11011011101 000000000 000000000
01011011101 000000000 000000000
11011011101 000000000 000000000
01011011101 000000000 000000000
11011011101 000000000 000000000
01011011101 101010011 111111111
11011011101 000000000 000000000
01011011110 000000000 000000000
11011011110 000000000 000000000
01011011110 000000000 000000000
11011011110 000000000 000000000
01011011110 000000000 000000000
11011011110 000000000 000000000
01011011110 000000000 000000000
11011011110 000000000 000000000
01011011110 101101101 111111111
11011011110 000000000 000000000
01011011111 000000000 000000000
11011011111 000000000 000000000
01011011111 000000000 000000000
11011011111 000000000 000000000
01011011111 000000000 000000000
11011011111 000000000 000000000
01011011111 000000000 000000000
11011011111 000000000 000000000
01011011111 110000111 111111111
11011011111 000000000 000000000
01011100000 000000000 000000000
11011100000 000000000 000000000
01011100000 000000000 000000000
11011100000 000000000 000000000
01011100000 000000000 000000000
11011100000 000000000 000000000
01011100000 000000000 000000000
11011100000 000000000 000000000
01011100000 000000001 111111111
11011100000 000000000 000000000
01011100001 000000000 000000000
11011100001 000000000 000000000
01011100001 000000000 000000000
11011100001 000000000 000000000
01011100001 000000000 000000000
11011100001 000000000 000000000
01011100001 000000000 000000000
11011100001 000000000 000000000
01011100001 000011101 111111111
11011100001 000000000 000000000
01011100010 000000000 000000000
11011100010 000000000 000000000
01011100010 000000000 000000000
11011100010 000000000 000000000
01011100010 000000000 000000000
11011100010 000000000 000000000
01011100010 000000000 000000000
11011100010 000000000 000000000
01011100010 000111001 111111111
11011100010 000000000 000000000
01011100011 000000000 000000000
11011100011 000000000 000000000
01011100011 000000000 000000000
11011100011 000000000 000000000
01011100011 000000000 000000000
11011100011 000000000 000000000
01011100011 000000000 000000000
11011100011 000000000 000000000
01011100011 001010101 111111111
11011100011 000000000 000000000
01011100100 000000000 000000000
11011100100 000000000 000000000
01011100100 000000000 000000000
11011100100 000000000 000000000
01011100100 000000000 000000000
11011100100 000000000 000000000
01011100100 000000000 000000000
11011100100 000000000 000000000
01011100100 001110001 111111111
11011100100 000000000 000000000
01011100101 000000000 000000000
11011100101 000000000 000000000
01011100101 000000000 000000000
11011100101 000000000 000000000
01011100101 000000000 000000000
11011100101 000000000 000000000
01011100101 000000000 000000000
11011100101 000000000 000000000
01011100101 010001101 111111111
11011100101 000000000 000000000
01011100110 000000000 000000000
11011100110 000000000 000000000
01011100110 000000000 000000000
11011100110 000000000 000000000
01011100110 000000000 000000000
11011100110 000000000 000000000
01011100110 000000000 000000000
11011100110 000000000 000000000
01011100110 010101001 111111111
11011100110 000000000 000000000
01011100111 000000000 000000000
11011100111 000000000 000000000
01011100111 000000000 000000000
11011100111 000000000 000000000
01011100111 000000000 000000000
11011100111 000000000 000000000
01011100111 000000000 000000000
11011100111 000000000 000000000
01011100111 011000101 111111111
11011100111 000000000 000000000
01011101000 000000000 000000000
11011101000 000000000 000000000
01011101000 000000000 000000000
11011101000 000000000 000000000
01011101000 000000000 000000000
11011101000 000000000 000000000
01011101000 000000000 000000000
11011101000 000000000 000000000
01011101000 011100001 111111111
11011101000 000000000 000000000
01011101001 000000000 000000000
11011101001 000000000 000000000
01011101001 000000000 000000000
11011101001 000000000 000000000
01011101001 000000000 000000000
11011101001 000000000 000000000
01011101001 000000000 000000000
11011101001 000000000 000000000
01011101001 011111101 111111111
11011101001 000000000 000000000
01011101010 000000000 000000000
11011101010 000000000 000000000
01011101010 000000000 000000000
11011101010 000000000 000000000
01011101010 000000000 000000000
11011101010 000000000 000000000
01011101010 000000000 000000000
11011101010 000000000 000000000
01011101010 100011001 111111111
11011101010 000000000 000000000
01011101011 000000000 000000000
11011101011 000000000 000000000
01011101011 000000000 000000000
11011101011 000000000 000000000
01011101011 000000000 000000000
11011101011 000000000 000000000
01011101011 000000000 000000000
11011101011 000000000 000000000
01011101011 100110101 111111111
11011101011 000000000 000000000
01011101100 000000000 000000000
11011101100 000000000 000000000
01011101100 000000000 000000000
11011101100 000000000 000000000
01011101100 000000000 000000000
11011101100 000000000 000000000
01011101100 000000000 000000000
11011101100 000000000 000000000
01011101100 101010001 111111111
11011101100 000000000 000000000
01011101101 000000000 000000000
11011101101 000000000 000000000
01011101101 000000000 000000000
11011101101 000000000 000000000
01011101101 000000000 000000000
11011101101 000000000 000000000
01011101101 000000000 000000000
11011101101 000000000 000000000
01011101101 101101101 111111111
11011101101 000000000 000000000
01011101110 000000000 000000000
11011101110 000000000 000000000
01011101110 000000000 000000000
11011101110 000000000 000000000
01011101110 000000000 000000000
11011101110 000000000 000000000
01011101110 000000000 000000000
11011101110 000000000 000000000
01011101110 110001001 111111111
11011101110 000000000 000000000
01011101111 000000000 000000000
11011101111 000000000 000000000
01011101111 000000000 000000000
11011101111 000000000 000000000
01011101111 000000000 000000000
11011101111 000000000 000000000
01011101111 000000000 000000000
11011101111 000000000 000000000
01011101111 110100101 111111111
11011101111 000000000 000000000
01011110000 000000000 000000000
11011110000 000000000 000000000
01011110000 000000000 000000000
11011110000 000000000 000000000
01011110000 000000000 000000000
11011110000 000000000 000000000
01011110000 000000000 000000000
11011110000 000000000 000000000
01011110000 000000001 111111111
11011110000 000000000 000000000
01011110001 000000000 000000000
11011110001 000000000 000000000
01011110001 000000000 000000000
11011110001 000000000 000000000
01011110001 000000000 000000000
11011110001 000000000 000000000
01011110001 000000000 000000000
11011110001 000000000 000000000
01011110001 000011111 111111111
11011110001 000000000 000000000
01011110010 000000000 000000000
11011110010 000000000 000000000
01011110010 000000000 000000000
11011110010 000000000 000000000
01011110010 000000000 000000000
11011110010 000000000 000000000
01011110010 000000000 000000000
11011110010 000000000 000000000
01011110010 000111101 111111111
11011110010 000000000 000000000
01011110011 000000000 000000000
11011110011 000000000 000000000
01011110011 000000000 000000000
11011110011 000000000 000000000
01011110011 000000000 000000000
11011110011 000000000 000000000
01011110011 000000000 000000000
11011110011 000000000 000000000
01011110011 001011011 111111111
11011110011 000000000 000000000
01011110100 000000000 000000000
11011110100 000000000 000000000
01011110100 000000000 000000000
11011110100 000000000 000000000
01011110100 000000000 000000000
11011110100 000000000 000000000
01011110100 000000000 000000000
11011110100 000000000 000000000
01011110100 001111001 111111111
11011110100 000000000 000000000
01011110101 000000000 000000000
11011110101 000000000 000000000
01011110101 000000000 000000000
11011110101 000000000 000000000
01011110101 000000000 000000000
11011110101 000000000 000000000
01011110101 000000000 000000000
11011110101 000000000 000000000
01011110101 010010111 111111111
11011110101 000000000 000000000
01011110110 000000000 000000000
11011110110 000000000 000000000
01011110110 000000000 000000000
11011110110 000000000 000000000
01011110110 000000000 000000000
11011110110 000000000 000000000
01011110110 000000000 000000000
11011110110 000000000 000000000
01011110110 010110101 111111111
11011110110 000000000 000000000
01011110111 000000000 000000000
11011110111 000000000 000000000
01011110111 000000000 000000000
11011110111 000000000 000000000
01011110111 000000000 000000000
11011110111 000000000 000000000
01011110111 000000000 000000000
11011110111 000000000 000000000
01011110111 011010011 111111111
11011110111 000000000 000000000
01011111000 000000000 000000000
11011111000 000000000 000000000
01011111000 000000000 000000000
11011111000 000000000 000000000
01011111000 000000000 000000000
11011111000 000000000 000000000
01011111000 000000000 000000000
11011111000 000000000 000000000
01011111000 011110001 111111111
11011111000 000000000 000000000
01011111001 000000000 000000000
11011111001 000000000 000000000
01011111001 000000000 000000000
11011111001 000000000 000000000
01011111001 000000000 000000000
11011111001 000000000 000000000
01011111001 000000000 000000000
11011111001 000000000 000000000
01011111001 100001111 111111111
11011111001 000000000 000000000
01011111010 000000000 000000000
11011111010 000000000 000000000
01011111010 000000000 000000000
11011111010 000000000 000000000
01011111010 000000000 000000000
11011111010 000000000 000000000
01011111010 000000000 000000000
11011111010 000000000 000000000
01011111010 100101101 111111111
11011111010 000000000 000000000
01011111011 000000000 000000000
11011111011 000000000 000000000
01011111011 000000000 000000000
11011111011 000000000 000000000
01011111011 000000000 000000000
11011111011 000000000 000000000
01011111011 000000000 000000000
11011111011 000000000 000000000
01011111011 101001011 111111111
11011111011 000000000 000000000
01011111100 000000000 000000000
11011111100 000000000 000000000
01011111100 000000000 000000000
11011111100 000000000 000000000
01011111100 000000000 000000000
11011111100 000000000 000000000
01011111100 000000000 000000000
11011111100 000000000 000000000
01011111100 101101001 111111111
11011111100 000000000 000000000
01011111101 000000000 000000000
11011111101 000000000 000000000
01011111101 000000000 000000000
11011111101 000000000 000000000
01011111101 000000000 000000000
11011111101 000000000 000000000
01011111101 000000000 000000000
11011111101 000000000 000000000
01011111101 110000111 111111111
11011111101 000000000 000000000
01011111110 000000000 000000000
11011111110 000000000 000000000
01011111110 000000000 000000000
11011111110 000000000 000000000
01011111110 000000000 000000000
11011111110 000000000 000000000
01011111110 000000000 000000000
11011111110 000000000 000000000
01011111110 110100101 111111111
11011111110 000000000 000000000
01011111111 000000000 000000000
11011111111 000000000 000000000
01011111111 000000000 000000000
11011111111 000000000 000000000
01011111111 000000000 000000000
11011111111 000000000 000000000
01011111111 000000000 000000000
11011111111 000000000 000000000
01011111111 111000011 111111111
11011111111 000000000 000000000