1000 0
1100 0
1000 0
1100 0
0000 0
0100 0
0000 0
0100 0
0001 1
0101 1
0010 1
0110 1
0011 0
0111 1
0001 0
0101 0
0010 0
0110 0
0011 1
0111 1
0000 1
0100 0
0011 0
0111 1
1000 1
1100 0
0001 1
0101 1
0000 0
0100 0
0001 1
0101 1
0010 1
0110 1
0011 0
0111 1
0000 1
0100 0
1000 0
1100 0
0010 1
0110 1
0000 0
0100 0
0001 1
0101 1
0010 1
0110 1
0011 0
0111 1
0000 1
0100 0
1000 0
1100 0
0011 0
0111 1
0001 0
0101 0
0010 0
0110 0
0011 1
0111 1
0000 1
0100 0
0011 0
0111 1
1000 1
1100 0
