1000 0 0
1100 0 0
1000 0 1
1100 0 0
0000 0 1
0100 0 0
0000 0 1
0100 0 0
0001 1 1
0101 0 0
0010 1 1
0110 0 0
0011 0 1
0111 0 0
0001 0 1
0101 0 0
0010 0 1
0110 0 0
0011 1 1
0111 0 0
0000 1 1
0100 0 0
0011 0 1
0111 0 0
1000 1 1
1100 0 0
0001 1 1
0101 0 0
0000 0 1
0100 0 0
0001 1 1
0101 0 0
0010 1 1
0110 0 0
0011 0 1
0111 0 0
0000 1 0
0100 0 0
1000 0 1
1100 0 0
0010 1 1
0110 0 0
0000 0 1
0100 0 0
0001 1 1
0101 0 0
0010 1 1
0110 0 0
0011 0 1
0111 0 0
0000 1 0
0100 0 0
1000 0 1
1100 0 0
0011 0 1
0111 0 0
0001 0 1
0101 0 0
0010 0 1
0110 0 0
0011 1 1
0111 0 0
0000 1 1
0100 0 0
0011 0 1
0111 0 0
1000 1 1
1100 0 0